ID	RA	DEC	zspec	zq	id	IC	dIC	zb	zbmin	zbmax
--	--	---	-----	--	--	--	---	--	-----	-----
1	102.4864833333	70.2350463889	0.632	4	39672	20.559	0.041	0.585	0.559	0.639
2	102.1949041667	70.3414763889		1	57055	22.331	0.088	0.754	0.697	0.813
4	102.1421583333	70.3143080556	0.111	4	54520	17.644	0.019	0.443	0.421	0.464
5	102.6070208333	70.2534255556	0.595	3	43399	19.956	0.033	0.658	0.593	0.690
7	101.9762000000	70.2428741667		1
8	102.4160291667	70.3677216667	0.581	1	61831	21.008	0.049	0.621	0.559	0.664
9	102.4557625000	70.2625886111	0.622	3	44259	20.312	0.045	0.622	0.562	0.668
10	102.6770208333	70.4131241667	0.632	4	73875	20.991	0.054	0.630	0.575	0.670
13	102.0444000000	70.1201247222		1	20201	21.008	0.045	0.589	0.552	0.628
14	102.4950250000	70.1417463889	0.592	4	24618	19.189	0.031	0.636	0.602	0.670
15	101.9770500000	70.1670761111		1	27799	21.196	0.080	0.643	0.604	0.763
16	102.2200291667	70.1794052778	0.568	4	29932	20.582	0.045	0.585	0.531	0.630
17	102.2778500000	70.0196533333	0.	-1	5367	19.910	0.052	0.701	0.637	0.733
18	102.6274750000	70.0985716667	0.588	3	17271	20.394	0.045	0.667	0.590	0.695
19	102.2822375000	70.0284880556	0.401	2	6371	20.972	0.061	0.472	0.360	0.508
20	102.4957375000	70.1159972222	0.588	4	20528	18.620	0.027	0.578	0.558	0.597
23	101.6251750000	70.1257325000	0.510	2	21712	20.246	0.037	0.508	0.465	0.536
24	101.8842125000	69.9618150000		0	550	21.418	0.068	0.532	0.470	0.575
25	101.5260541667	70.0284805556	0.461	4	6352	21.056	0.057	0.468	0.429	0.568
26	101.8554333333	70.0050352778	0.507	4	3650	20.073	0.037	0.534	0.484	0.576
29	101.4802833333	69.9868544444	0.648	4	2064	20.155	0.044	0.627	0.585	0.677
30	101.8299875000	70.1787186111		0	29982	21.534	0.056	0.714	0.659	0.749
31	102.2953125000	70.2996063889	0.588	2	50540	20.673	0.041	0.570	0.543	0.608
32	102.6825333333	70.4050141667	0.735	1	68147	21.115	0.062	0.674	0.632	0.842
35	102.6813791667	70.3532408333		0	59592	21.170	0.045	0.544	0.493	0.577
36	102.4032791667	70.3530883333	0.624	4	59661	20.002	0.044	0.633	0.588	0.681
37	101.9395000000	70.2613297222	0.278	2	43410	23.089	0.176	0.550	0.407	0.647
38	102.2911833333	70.3298491667	0.722	2	55291	21.095	0.057	0.713	0.651	0.742
39	102.0204875000	70.2833022222	0.591	2	47657	20.550	0.042	0.623	0.591	0.658
41	102.3814041667	70.2648466667	0.513	4	44438	20.093	0.044	0.499	0.445	0.539
42	102.7338000000	70.3403777778	0.730	3	57403	20.357	0.054	0.732	0.694	0.849
43	101.9324208333	70.2472380556	0.980	4	40973	24.437	0.270	1.297	0.912	2.165
44	102.0483541667	70.2694472222	0.246	4	46796	17.658	0.016	0.236	0.167	0.272
45	102.7751833333	70.2852555556		0	47952	21.136	0.068	0.721	0.682	0.787
46	102.2227041667	70.2792283333	0.597	3	47157	19.831	0.037	0.566	0.542	0.589
47	101.9323166667	70.2534561111		0						
48	102.7959041667	70.3223572222	0.416	2	54263	20.505	0.040	0.536	0.461	0.570
49	102.8021208333	70.3153152778	0.48	3	53131	20.922	0.054	0.519	0.460	0.599
51	102.6721000000	70.1732711111	0.591	4	29233	20.982	0.051	0.655	0.597	0.690
53	102.3915916667	70.2031022222	0.591	4	34405	20.353	0.034	0.567	0.522	0.610
54	102.7716333333	70.2316055556		0	39047	20.677	0.045	0.569	0.521	0.617
55	102.7679750000	70.1881713889	0.622	4	31885	20.861	0.059	0.541	0.506	0.578
56	101.9607333333	70.2368163889	1.057	2						
57	102.1617375000	70.2219466667	0.620	3	37755	20.076	0.045	0.647	0.600	0.699
58	102.7958666667	70.2143936111	0.671	4	36223	20.303	0.041	0.590	0.542	0.635
59	102.6785000000	70.2059630556	0.45	1	34641	21.066	0.061	0.513	0.400	0.546
60	102.4606041667	70.2192383333	0.618	4	37289	19.926	0.042	0.597	0.565	0.631
63	102.7723125000	70.1046830556	0.587	4	18224	20.263	0.040	0.568	0.537	0.633
64	102.7977708333	70.1600188889	0.592	2	27089	20.092	0.056	0.633	0.588	0.691
65	102.4308791667	70.1580580556	0.481	3	27055	19.983	0.040	0.499	0.458	0.539
66	102.6863041667	70.1651536111	0.603	4	27868	20.513	0.042	0.555	0.525	0.584
67	102.6842750000	70.1333466667	0.590	2	22496	20.987	0.055	0.563	0.531	0.592
68	102.0106541667	70.2272950000	0.425	4	38287	19.515	0.044	0.421	0.338	0.463
69	102.1976625000	70.1981963889		0	33839	19.954	0.033	0.575	0.553	0.613
70	102.5789291667	70.1612091667	0.618	4	28384	19.334	0.032	0.666	0.631	0.700
71	102.1893500000	70.1320419444	0.580	2	22233	20.469	0.055	0.537	0.499	0.585
72	102.6550333333	70.0742036111	0.594	4	14134	19.660	0.030	0.672	0.635	0.705
73	102.4108125000	70.0797119444	0.529	2	14434	20.569	0.036	0.532	0.492	0.577
75	102.3600000000	70.1023102778	0.574	4	17781	19.831	0.030	0.593	0.553	0.633
76	102.4763125000	70.1079025000	0.593	4	18980	19.375	0.029	0.611	0.562	0.633
77	101.9310750000	70.2267608333	0.474	2						
78	102.4659791667	70.1008530556	0.594	2	17315	20.734	0.061	0.588	0.544	0.638
79	101.9315750000	70.2344588889		0	39086	21.911	0.069	2.048	2.026	2.069
81	102.0458916667	70.1493452778	0.349	4	24920	22.183	0.101	0.311	0.245	2.865
83	101.9920500000	70.1998750000		0	33399	21.317	0.072	0.614	0.567	0.688
84	102.4617375000	70.0378188889	0.494	1	7966	20.741	0.037	0.511	0.467	0.549
85	102.4159375000	70.0160063889		0	4847	21.266	0.062	0.684	0.636	0.785
86	102.2907625000	70.0906752778	0.570	4	15668	20.468	0.054	0.546	0.502	0.573
87	102.3255375000	70.0643844444	0.633	2	11674	20.819	0.057	0.617	0.567	0.665
88	102.5021541667	70.0000763889	0.621	3	3111	20.705	0.058	0.659	0.606	0.695
93	101.9937166667	70.0681838889	0.514	4	12612	19.530	0.032	0.521	0.485	0.554
94	102.1453125000	70.0513916667	0.560	1	9809	20.645	0.045	0.512	0.462	0.545
95	102.0576291667	70.0353622222	0.506	1	7427	21.088	0.046	0.548	0.501	0.593
96	102.0403166667	70.1077652778	0.460	1	18490	20.916	0.063	0.566	0.492	0.638
98	101.9830416667	70.1270980556	0.570	4	21974	19.808	0.037	0.507	0.483	0.531
99	102.0976791667	70.0183180556	0.515	4	5532	19.621	0.032	0.521	0.486	0.546
100	102.1366291667	70.0032425000	0.730	3	3554	20.107	0.033	0.725	0.697	0.750
105	101.8265166667	70.2267838889	0.592	2	37710	22.888	0.134	1.442	1.135	1.656
107	101.9368666667	70.0817872222	0.620	3	15183	20.744	0.032	0.703	0.679	2.624
108	101.9972625000	70.0007325000	0.513	4	3340	19.870	0.032	0.514	0.479	0.547
111	101.8101166667	70.2136155556	0.590	4	35646	20.834	0.067	0.520	0.465	0.565
112	101.8208583333	69.9574966667	0.612	4	387	21.192	0.059	0.449	0.280	0.695
114	101.8007375000	70.0528336111	0.465	1	10315	21.048	0.040	0.470	0.410	0.512
115	101.7028625000	69.9736633333	0.613	3	1138	20.395	0.041	0.610	0.561	0.659
116	101.7791833333	70.0303725000	0.510	2	6570	21.208	0.057	0.473	0.436	0.528
118	101.7596750000	70.0550308333		0	10222	20.492	0.045	0.468	0.422	0.512
120	101.7383833333	70.0479050000	0.650	4	9084	21.046	0.056	0.689	0.647	0.725
121	101.7849041667	70.2142180556	0.619	4	36084	20.173	0.043	0.536	0.494	0.580
122	101.6874125000	70.0625458333	0.572	4	11764	20.045	0.047	0.562	0.537	0.587
123	101.7350583333	70.1568833333	0.571	2	26485	20.190	0.037	0.552	0.499	0.597
125	101.6025416667	70.0299605556	0.406	4	6741	20.118	0.042	0.447	0.068	0.487
126	101.6200541667	69.9748230556	0.0	-1	1164	20.947	0.089	0.729	0.669	0.803
127	101.5748833333	69.9861069444	0.729	3	1861	21.259	0.058	0.684	0.615	0.726
128	101.6129625000	69.9938508333	0.0	-1	2499	19.919	0.069	0.695	0.649	0.760
133	101.4371958333	70.0844727778	0.472	3	15158	20.910	0.050	0.635	0.583	0.680
134	101.5017708333	70.0596694444		0	10982	21.111	0.054	0.604	0.557	0.650
135	101.2431541667	69.9963225000		0	2803	20.927	0.062	0.665	0.580	0.701
136	101.6268333333	70.1502608333	0.000	-1	25141	18.520	0.051	0.664	0.151	0.693
137	101.4333208333	70.0721741667	0.475	4	14034	18.892	0.024	0.503	0.477	0.528
140	101.4004958333	70.0380858333	0.728	4	8029	20.430	0.044	0.739	0.702	0.764
141	101.2211833333	70.1052400000		0	18566	21.020	0.048	0.542	0.434	0.592
142	101.3307750000	70.0496138889		0	9538	21.223	0.062	0.721	0.677	0.749
143	101.1859041667	70.0839613889	0.727	2	14805	21.297	0.083	0.717	0.606	0.775
144	101.4543250000	70.1024400000	0.52	1	17509	21.074	0.058	0.520	0.440	0.562
145	101.6116458333	70.1915055556		0	33160	20.053	0.029	0.609	0.582	0.663
146	101.3973291667	70.0903930556		0	16551	20.001	0.030	0.670	0.630	0.699
147	101.7955875000	70.2321397222	0.586	4	39163	20.154	0.042	0.556	0.533	0.579
148	101.1634416667	70.0175705556	0.566	4	5093	20.863	0.057	0.622	0.518	0.668
149	101.5257583333	70.1364594444	0.0	-1	23702	17.691	0.037	0.526	0.324	0.555
152	101.2221250000	70.1197738889	0.56	2	20309	20.941	0.052	0.516	0.409	0.549
154	101.4368375000	70.1660461111	0.555	2	27700	20.987	0.052	0.555	0.507	0.603
155	101.5501083333	70.2155302778	0.735	4	36263	20.722	0.045	0.704	0.670	0.733
156	101.0409375000	70.1015930556	0.621	4	17677	20.591	0.052	0.649	0.579	0.688
157	101.0201833333	70.1324769444	0.476	4	22479	20.901	0.054	0.461	0.413	0.554
158	101.1506958333	70.1338425000	0.649	4	22671	20.861	0.062	0.521	0.478	0.563
160	101.1995333333	70.1530838889	0.552	2	25851	20.509	0.040	0.516	0.439	0.552
162	101.1793125000	70.1713333333	0.475	4	29036	20.778	0.045	0.483	0.439	0.554
163	101.1125791667	70.2024536111	0.717	4	34532	20.924	0.038	0.716	0.688	0.750
164	101.2549208333	70.1847838889	0.532	2	31284	21.067	0.046	0.634	0.587	0.685
167	101.6874208333	70.2306825000	0.595	4	38837	19.775	0.045	0.524	0.466	0.551
168	101.3853750000	70.2029725000	0.51	2	34054	21.303	0.061	0.522	0.458	0.554
172	101.5454500000	70.2332686111	0.595	4	39675	19.618	0.038	0.595	0.558	0.631
173	101.2828458333	70.2882613889	0.493	2	48702	20.371	0.041	0.537	0.478	0.564
174	101.1913291667	70.2408066667	0.452	4	40568	19.903	0.042	0.452	0.043	0.494
175	101.3918625000	70.2746352778	0.599	2	46376	20.176	0.044	0.575	0.549	0.600
176	101.0584166667	70.2483366667	0.528	4	42041	20.507	0.042	0.632	0.519	0.666
177	101.2180583333	70.2746430556	0.593	4	46824	19.984	0.034	0.644	0.601	0.677
178	101.7615875000	70.2391966667			39575	25.084	0.523	3.377	0.251	3.667
179	101.3125000000	70.2621841667			43802	21.267	0.108	0.729	0.642	0.753
180	101.0774500000	70.2613677778			43932	20.700	0.053	0.442	0.216	0.515
181	101.9161541667	70.2416533333	-0.002	-1	40385	19.854	0.057	0.544	0.426	0.589
183	101.1372750000	70.3365936111	0.595	2	56491	20.980	0.070	0.639	0.585	0.704
184	101.1338583333	70.3013383333			50872	20.435	0.043	0.474	0.410	0.522
185	101.6571166667	70.2658538889	0.661	3	44688	20.242	0.042	0.592	0.556	0.618
187	101.3013750000	70.3033066667		-1	52286	17.313	0.038	0.591	0.549	0.634
190	101.6696750000	70.2564925000	0.760	3	42932	20.665	0.051	0.722	0.693	0.747
191	101.2413750000	70.4138183333			74249	20.733	0.054	0.675	0.609	0.713
193	101.4992083333	70.3341902778	0.516	3	56026	20.074	0.045	0.547	0.517	0.571
194	101.5788583333	70.3053361111			51743	19.564	0.030	0.548	0.521	0.573
196	101.4028583333	70.3485336111			59049	20.704	0.030	0.686	0.658	0.710
202	101.4212458333	70.3674088889			61783	21.203	0.059	0.539	0.451	0.570
203	101.3262541667	70.4624022222	0.634	4	83119	20.677	0.055	0.655	0.583	0.699
204	101.3085291667	70.4082108333			74839	20.916	0.051	0.522	0.448	0.564
205	101.4668166667	70.3969269444	0.500	4	66766	20.619	0.041	0.462	0.417	0.524
207	101.2778500000	70.4564741667			69931	20.757	0.059	0.622	0.571	0.676
208	101.6221208333	70.3099900000			52561	20.881	0.043	0.664	0.620	0.692
213	101.5645250000	70.4889908333			78781	20.663	0.037	0.575	0.539	0.618
214	101.5197291667	70.4164505556	0.504	3	73291	19.850	0.042	0.502	0.451	0.540
215	101.7072333333	70.3505477778	0.667	3	58837	20.685	0.054	0.692	0.609	0.717
216	101.5028083333	70.4421386111			69196	20.542	0.051	0.460	0.379	0.497
219	101.6922125000	70.3392791667			57430	19.752	0.030	0.521	0.471	0.543
220	101.6166250000	70.3808669444			63858	21.023	0.107	0.722	0.663	0.838
223	101.8143000000	70.2708283333			45140	20.980	0.067	0.526	0.500	0.553
224	101.5891875000	70.4841919444	0.566	3	79521	19.412	0.032	0.587	0.563	0.612
225	101.6994958333	70.4841080556			79619	21.050	0.053	0.449	0.379	0.501
227	101.7971125000	70.2688447222			44633	24.297	0.200	1.637	0.816	2.340
228	101.5948666667	70.5457536111			75386	21.245	0.056	0.704	0.664	0.739
229	101.7284333333	70.3573683333	0.678	4	59956	20.275	0.050	0.682	0.649	0.712
231	102.0012750000	70.5488358333	0.425	4	75093	20.910	0.053	0.576	0.318	0.670
232	101.8463875000	70.3881911111	0.587	4	65292	20.245	0.045	0.631	0.545	0.669
233	101.9804541667	70.5561827778			74836	20.196	0.048	0.601	0.552	0.651
235	101.8818125000	70.3893433333			65166	21.240	0.062	0.659	0.599	0.702
236	101.8617875000	70.5109786111	0.513	4	77191	20.532	0.062	0.527	0.479	0.559
237	101.9276125000	70.5279311111			76515	20.988	0.061	0.541	0.439	0.596
238	101.8932000000	70.4751816667			80494	21.197	0.067	0.619	0.557	0.666
241	102.0578958333	70.4427186111			70406	20.537	0.039	0.585	0.545	0.638
242	101.8866333333	70.3095702778	0.079	4	58241	15.906	0.009	0.064	0.043	0.083
243	102.1573958333	70.5298233333	0.592	2	77452	20.627	0.045	0.580	0.552	0.608
244	101.9717875000	70.4126358333			75105	21.017	0.055	0.575	0.510	0.627
247	102.1320333333	70.5349502778			75776	20.386	0.047	0.683	0.603	0.712
248	102.0655250000	70.5203247222			76892	20.461	0.045	0.601	0.560	0.648
250	101.8846041667	70.2760466667			46611	21.029	0.042	0.501	0.453	0.537
251	101.9433333333	70.2703019444	0.923	2	44873	23.069	0.239	0.707	0.361	0.894
254	102.2316375000	70.4855041667			77313	20.874	0.072	0.668	0.600	0.701
255	101.8957958333	70.2608488889	0.790	2	43541	21.511	0.059	0.730	0.694	0.765
256	102.2951666667	70.5076675000			77662	21.292	0.077	0.576	0.535	0.618
257	101.9584833333	70.2986297222			49762	24.052	0.270	1.080	0.420	3.653
258	102.2992166667	70.4971772222	0.430	3	79277	20.332	0.040	0.501	0.408	0.523
259	101.9454875000	70.3131486111
260	102.3370250000	70.4963988889			78378	20.321	0.045	0.527	0.466	0.574
265	102.5934916667	70.4487458333			68409	20.514	0.041	0.713	0.684	0.739
266	102.4424250000	70.4555588889			70117	20.591	0.041	0.629	0.591	0.679
267	102.5493541667	70.4511033333	0.515	4	70920	20.735	0.044	0.520	0.475	0.566
268	102.3192916667	70.4010850000	0.514	4	67321	20.924	0.049	0.513	0.452	0.558
270	102.1391583333	70.3351058333			55812	24.583	0.252	0.744	0.491	2.749
273	101.0861083333	70.2260666667	0.527	3	38493	20.075	0.045	0.524	0.475	0.552
274	101.1259833333	70.0932158333			16463	20.579	0.041	0.689	0.633	0.718
275	101.1926375000	70.2209550000	1.185	2	37360	20.293	0.059	0.740	0.500	2.487
277	101.0079500000	70.2114791667			35568	20.630	0.059	0.592	0.553	0.649
278	101.0422166667	70.0787047222			14041	20.895	0.056	0.636	0.570	0.677
279	101.1780958333	70.2096633333			35552	20.300	0.037	0.612	0.558	0.656
284	101.0539125000	70.3659516667	0.648	3	61922	20.291	0.040	0.603	0.575	0.707
285	101.4345416667	70.4469908333			69370	21.158	0.052	0.573	0.507	0.626
286	101.2422458333	70.3486175000	0.714	3	59016	20.261	0.037	0.722	0.695	0.746
287	101.4608708333	70.4257888889			71330	19.519	0.024	0.503	0.469	0.552
288	101.1360750000	70.3739472222	0.538	4	63169	21.029	0.055	0.590	0.510	0.655
290	101.0896416667	70.3877944444	0.595	4	65240	21.151	0.067	0.695	0.637	0.728
293	102.1043500000	70.4172591667	0.585	4	73353	19.914	0.040	0.549	0.510	0.578
294	101.7477125000	70.5261155556			77208	20.857	0.101	0.653	0.597	0.728
295	101.9577291667	70.3346480556	0.501	3	56889	19.595	0.032	0.521	0.488	0.544
296	101.7964750000	70.4522552778	0.620	2	68640	20.343	0.045	0.615	0.567	0.660
297	102.0314291667	70.4036025000			67986	20.235	0.033	0.585	0.546	0.622
299	102.1522541667	70.4997483333			78386	20.778	0.052	0.568	0.537	0.599
300	101.8318041667	70.2815552778
