        1 102.4864833333 70.2350463889 39672               0.632      4  0.0 39672  20.559    0.041   0.585   0.559   0.639  5.17  0.990   0.57  5.17    2.083    0.142 [OII],H&K,Hb all real

        2 102.1949041667 70.3414763889 HLS35                   -      1  0.1 57055  22.331    0.088   0.754   0.697   0.813  6.17  0.982   0.76  6.17    0.119    0.084 starlight, no features

        4 102.1421583333 70.3143080556 HLS31               0.111      4 *0.4 54520  17.644    0.019   0.443   0.421   0.464  6.50  1.000   0.44  6.50   12.096    0.551 [OII]weak!
,H&K,Gb,Hb,Mg1,NaD,Ha,[NII],[SII] real

        5 102.6070208333 70.2534255556 43399               0.595      3  0.0 43399  19.956    0.033   0.658   0.593   0.690  6.17  0.978   0.67  6.17    5.185    0.318 single EL (OII?), H&K? maybe Gb?  If OII then OIII behind skyline; if OIII then no Ha, and EL<6563 so cannot be Ha thus it is likely [OII]

        7 101.9762000000 70.2428741667 153_0316_2245           -      1

        8 102.4160291667 70.3677216667 61831               0.581      1  0.0 61831  21.008    0.049   0.621   0.559   0.664  7.17  0.980   0.62  7.17    0.229    0.079 EL real@5900A? (falls on skyl);4000A in right place

        9 102.4557625000 70.2625886111 44259               0.622      3  0.0 44259  20.312    0.045   0.622   0.562   0.668  6.33  0.983   0.62  6.33    1.139    0.126 maybe [OII], CaH&K, <Ha

       10 102.6770208333 70.4131241667 73875               0.632      4  0.0 73875  20.991    0.054   0.630   0.575   0.670  6.67  0.990   0.62  6.67    0.151    0.066 maybe [OII], CaH&K, <Ha;MgII!

       13 102.0444000000 70.1201247222 20201                   -      1  0.0 20201  21.008    0.045   0.589   0.552   0.628  5.67  0.999   0.59  5.67    1.530    0.312 starlight

       14 102.4950250000 70.1417463889 24618               0.592      4  0.0 24618  19.189    0.031   0.636   0.602   0.670  5.17  1.000   0.63  5.17    3.377    0.107 [OII], CaH&K,Balmerfamily_abs, MgI

       15 101.9770500000 70.1670761111 27799                   -      1  0.0 27799  21.196    0.080   0.643   0.604   0.763  1.33  0.792   0.63  1.00    0.248    0.094 gw says z=0.717; starlight

       16 102.2200291667 70.1794052778 29932               0.568      4  0.0 29932  20.582    0.045   0.585   0.531   0.630  7.17  0.987   0.59  7.17    0.080    0.027 [OII],H&K, Balmer abs, Hb EL,FeII?

       17 102.2778500000 70.0196533333 5367                   0.     -1  0.0 5367   19.910    0.052   0.701   0.637   0.733  5.67  0.985   0.70  5.67    2.444    0.428 MgI,NaD,TiO?,Na(8200A),

       18 102.6274750000 70.0985716667 17271               0.588      3  0.0 17271  20.394    0.045   0.667   0.590   0.695  5.33  0.943   0.67  5.33    2.195    0.141 gw says z=0.552;H&K,4000A brk, Balmer family abs? also new redshift is the cluster z

       19 102.2822375000 70.0284880556 6371                0.401      2  0.0 6371   20.972    0.061   0.472   0.360   0.508  5.33  0.669   0.40  5.17    0.245    0.117 H&K? NaD?;no ELs 
       
       20 102.4957375000 70.1159972222 20528		   0.588      4  0.0 20528  18.620    0.027   0.578   0.558   0.597  1.00  1.000   0.58  1.00    4.530    0.238 strongH&K,Hb,MgI,Gb, Balm_fam abs

       23 101.6251750000 70.1257325000 21712               0.510      2  0.0 21712  20.246    0.037   0.508   0.465   0.536  3.50  0.997   0.51  3.50    0.916    0.117

       24 101.8842125000 69.9618150000 550                     -      0  0.0 550    21.418    0.068   0.532   0.470   0.575  5.50  0.972   0.54  5.50    0.390    0.275 starlight

       25 101.5260541667 70.0284805556 6352                0.461      4  0.0 6352   21.056    0.057   0.468   0.429   0.568  7.00  0.868   0.46  7.00    0.983    0.331 [OII]EL;Hb EL!; [OIII] EL! maybe Hgamma,delta also in emission!

       26 101.8554333333 70.0050352778 3650                0.507      4  0.0 3650   20.073    0.037   0.534   0.484   0.576  6.67  0.992   0.53  6.67    0.448    0.097 [OII]EL,H&K,Hb EL,MgI

       29 101.4802833333 69.9868544444 2064                0.648      4  0.0 2064   20.155    0.044   0.627   0.585   0.677  5.83  0.996   0.63  5.83    0.567    0.091 [OII]EL,H&K,Hd abs,Hb EL,MgII!

       30 101.8299875000 70.1787186111 29982                   -      0  0.0 29982  21.534    0.056   0.714   0.659   0.749  6.00  0.992   0.72  6.00    2.705    1.364 starlight

       31 102.2953125000 70.2996063889 50540               0.588      2  0.0 50540  20.673    0.041   0.570   0.543   0.608  5.17  1.000   0.57  5.17    1.756    0.181 H&K?;4000brk;no ELs

       32 102.6825333333 70.4050141667 68147               0.735      1  0.0 68147  21.115    0.062   0.674   0.632   0.842  1.00  0.834   0.66  1.00    1.014    0.210 no Els; gw says qual flag=2

       35 102.6813791667 70.3532408333 59592                   -      0  0.0 59592  21.170    0.045   0.544   0.493   0.577  5.67  0.988   0.54  5.67    0.258    0.037 starlight

       36 102.4032791667 70.3530883333 59661               0.624      4  0.0 59661  20.002    0.044   0.633   0.588   0.681  5.83  0.997   0.64  5.83    0.557    0.045 strong H&K,[OII]EL,Balmer,Gb,FeII?

       37 101.9395000000 70.2613297222 82_0236_1574        0.278      2  0.1 43410  23.089    0.176   0.550   0.407   0.647  2.83  0.719   0.55  2.67    0.551    0.221 [OIII]ELs?

       38 102.2911833333 70.3298491667 55291               0.722      2  0.0 55291  21.095    0.057   0.713   0.651   0.742  5.67  0.987   0.71  5.67    1.231    0.039 poss [OII]EL, plaus. H&K; or z=0.594

       39 102.0204875000 70.2833022222 HLS46_LRISLUCIMOD   0.591      2  0.2 47657  20.550    0.042   0.623   0.591   0.658  5.17  1.000   0.62  5.17    0.519    0.113 poss [OII]EL, H&K

       41 102.3814041667 70.2648466667 44438               0.513      4  0.0 44438  20.093    0.044   0.499   0.445   0.539  5.67  0.987   0.50  5.67    0.358    0.057 [OII],H&K,Hd abs,Hg flat,Hb EL!;MgI,MgII,[OIII],NaD

       42 102.7338000000 70.3403777778 57403               0.730      3  0.0 57403  20.357    0.054   0.732   0.694   0.849  1.00  0.899   0.73  1.00    0.768    0.365 strong H&K,4000A brk, Gb! no [OII]; 

       43 101.9324208333 70.2472380556 82_0360_1404_1      0.980      4  0.2 40973  24.437    0.270   1.297   0.912   2.165  8.83  0.294   1.29  8.83    0.201    0.304 [OII] (and Ha in grism data)!; MgII, FeII

       44 102.0483541667 70.2694472222 HLS18_LRIS          0.246      4 *0.4 46796  17.658    0.016   0.236   0.167   0.272  6.67  0.936   0.23  6.67    2.103    0.107 9 strong Els!

       45 102.7751833333 70.2852555556 47952                   -      0  0.0 47952  21.136    0.068   0.721   0.682   0.787  5.17  0.978   0.76  5.00    1.040    0.710 raggedy, starlight

       46 102.2227041667 70.2792283333 47157               0.597      3  0.0 47157  19.831    0.037   0.566   0.542   0.589  5.17  1.000   0.57  5.17    0.310    0.086 H&K strong but near skyln, Gb,Hd?  fits 4000A br

       47 101.9323166667 70.2534561111 153_0157_0960           -      0	-	-	-	-	-	-	-	-	-	-	- -	-	-												Starlight; gw says z=1.203 at qual=2

       48 102.7959041667 70.3223572222 54263               0.416      2  0.0 54263  20.505    0.040   0.536   0.461   0.570  5.83  0.957   0.53  5.83    0.756    0.096 H&K, Gb? Hg neut & Hg in emission?  poss NeV doublet ELs

       49 102.8021208333 70.3153152778 53131               0.48       3  0.0 53131  20.922    0.054   0.519   0.460   0.599  6.50  0.902   0.52  6.50    0.452    0.301 starlight,4000A br, poss H&K; qual=3 owing to match with photo-z

       51 102.6721000000 70.1732711111 29233               0.591      4  0.0 29233  20.982    0.051   0.655   0.597   0.690  6.50  0.987   0.65  6.50    0.053    0.036 [OII],H&K,poss[OIII],Gb

       53 102.3915916667 70.2031022222 34405               0.591      4  0.0 34405  20.353    0.034   0.567   0.522   0.610  6.83  0.994   0.56  6.83    0.353    0.058 Balmer evol:Hz,He,Hd,Hg abs;Hb wk eL; [OII], H&K, NeV doublet?!

       54 102.7716333333 70.2316055556 39047                   -      0  0.0 39047  20.677    0.045   0.569   0.521   0.617  6.33  0.987   0.57  6.33    0.258    0.085 starlight

       55 102.7679750000 70.1881713889 31885               0.622      4  0.0 31885  20.861    0.059   0.541   0.506   0.578  1.33  0.996   0.54  1.17    2.117    0.469 Balm evol: Hz, Hd, abs, Hg wk abs; strong H&K

       56 101.9607333333 70.2368163889 153_0196_2521       1.057      2	-	-	-	-	-	-	-	-	-  -	-	-	    -    strong [OII], or strong Ha at z=0.168(+wk [SII]&[OII]), not [OIII] as line ratio would be wildly off

       57 102.1617375000 70.2219466667 37755               0.620      3  0.0 37755  20.076    0.045   0.647   0.600   0.699  1.67  0.995   0.62  1.00    1.178    0.230 H&K; poss Bal abs

       58 102.7958666667 70.2143936111 36223               0.671      4  0.0 36223  20.303    0.041   0.590   0.542   0.635  6.00  0.994   0.59  6.00    2.927    1.102 [OII], poss[OIII], strong Bal abs;MgI

       59 102.6785000000 70.2059630556 34641               0.45       1  0.0 34641  21.066    0.061   0.513   0.400   0.546  5.50  0.902   0.51  5.50    0.648    0.138 starlight; poss 4000A br

       60 102.4606041667 70.2192383333 37289               0.618      4  0.0 37289  19.926    0.042   0.597   0.565   0.631  5.17  1.000   0.59  5.17    1.000    0.056 [OII],H&K,Balmer evol!; MgI, poss NeV ELs!

       63 102.7723125000 70.1046830556 18224               0.587      4  0.0 18224  20.263    0.040   0.568   0.537   0.633  2.17  0.970   0.57  2.17    0.717    0.186 4000A br; Gb,Hb,H&K (qual=3.7 not 4)!

       64 102.7977708333 70.1600188889 27089               0.592      2  0.0 27089  20.092    0.056   0.633   0.588   0.691  5.50  0.989   0.64  5.50    0.160    0.114 MgI,Gb

       65 102.4308791667 70.1580580556 27055               0.481      3  0.0 27055  19.983    0.040   0.499   0.458   0.539  6.33  0.997   0.50  6.33    0.700    0.091 4000A br; poss ALs; gw says z=0.46 at qual=3;

       66 102.6863041667 70.1651536111 27868               0.603      4  0.0 27868  20.513    0.042   0.555   0.525   0.584  5.33  1.000   0.56  5.33    0.325    0.147 [OII],H&K,Hd,Hg

       67 102.6842750000 70.1333466667 22496               0.590      2  0.0 22496  20.987    0.055   0.563   0.531   0.592  4.17  1.000   0.57  4.17    0.674    0.194 4000A br;H&K

       68 102.0106541667 70.2272950000 HLS56               0.425      4  0.1 38287  19.515    0.044   0.421   0.338   0.463  6.17  0.876   0.42  6.17    0.566    0.049 [OII],H&K,Balmer evol,Gb,

       69 102.1976625000 70.1981963889 33839                   -      0  0.0 33839  19.954    0.033   0.575   0.553   0.613  1.17  0.995   0.57  1.00    0.537    0.080 noisy

       70 102.5789291667 70.1612091667 28384               0.618      4  0.0 28384  19.334    0.032   0.666   0.631   0.700  5.33  1.000   0.67  5.33    0.644    0.119 4000A; H&K, Gb,Hd Balmer evol

       71 102.1893500000 70.1320419444 22233               0.580      2  0.0 22233  20.469    0.055   0.537   0.499   0.585  2.17  0.993   0.54  2.17    0.110    0.031 poss 4000A br

       72 102.6550333333 70.0742036111 14134               0.594      4  0.0 14134  19.660    0.030   0.672   0.635   0.705  5.83  1.000   0.67  5.83    1.035    0.143 H&K;[OII],Balmer evol

       73 102.4108125000 70.0797119444 14434               0.529      2  0.0 14434  20.569    0.036   0.532   0.492   0.577  7.17  0.997   0.53  7.17    0.275    0.071 starlight; poss 4000 A br

       75 102.3600000000 70.1023102778 17781               0.574      4  0.0 17781  19.831    0.030   0.593   0.553   0.633  6.50  0.999   0.59  6.50    0.306    0.030 H&K,Hd,[OII];Hb EL?

       76 102.4763125000 70.1079025000 18980               0.593      4  0.0 18980  19.375    0.029   0.611   0.562   0.633  4.33  0.999   0.61  4.33    1.180    0.041 H&K,Gb,Hd

       77 101.9310750000 70.2267608333 153_0071_262        0.474      2   -   -		-	-	-	-	-	-	- -	-	-	-  	poss 4000A br

       78 102.4659791667 70.1008530556 17315               0.594      2  0.0 17315  20.734    0.061   0.588   0.544   0.638  6.00  0.989   0.59  6.00    0.218    0.075 poss 4000A br

       79 101.9315750000 70.2344588889 153_0159_1549           -      0  0.1 39086  21.911    0.069   2.048   2.026   2.069  5.00  1.000   2.05  5.00  113.341   11.770 starlight; poss 4000A br

       81 102.0458916667 70.1493452778 HLS38               0.349      4 *0.3 24920  22.183    0.101   0.311   0.245   2.865  8.00  0.339   2.78  6.50    0.223    0.193 [OII], Hb,[OIII] ELs

       83 101.9920500000 70.1998750000 33399                   -      0  0.0 33399  21.317    0.072   0.614   0.567   0.688  5.50  0.944   0.61  5.50    0.728    0.107 starlight

       84 102.4617375000 70.0378188889 7966                0.494      1  0.0 7966   20.741    0.037   0.511   0.467   0.549  7.33  0.996   0.51  7.33    0.371    0.125 poss H&K;poss 4000A br

       85 102.4159375000 70.0160063889 4847                    -      0  0.0 4847   21.266    0.062   0.684   0.636   0.785  1.17  0.942   0.67  1.00    0.450    0.112 only few photons

       86 102.2907625000 70.0906752778 15668               0.570      4  0.0 15668  20.468    0.054   0.546   0.502   0.573  3.50  0.993   0.55  3.67    0.166    0.062 wk [OII]? H&K; Gb,Hb

       87 102.3255375000 70.0643844444 11674               0.633      2  0.0 11674  20.819    0.057   0.617   0.567   0.665  6.67  0.991   0.61  6.67    0.413    0.229 [OII], Balmer; are other features real

       88 102.5021541667 70.0000763889 3111                0.621      3  0.0 3111   20.705    0.058   0.659   0.606   0.695  6.50  0.993   0.66  6.50    0.263    0.146 strong 4000A; H&K

       93 101.9937166667 70.0681838889 12612               0.514      4  0.0 12612  19.530    0.032   0.521   0.485   0.554  6.67  0.999   0.52  6.67    1.490    0.223 nice Balmer evil; [OII]; H&K; [OIII]

       94 102.1453125000 70.0513916667 9809                0.560      1  0.0 9809   20.645    0.045   0.512   0.462   0.545  7.00  0.991   0.52  7.00    1.705    0.473 poss 4000A br

       95 102.0576291667 70.0353622222 7427                0.506      1  0.0 7427   21.088    0.046   0.548   0.501   0.593  6.17  0.991   0.55  6.17    0.436    0.122 poss 4000A br; is EL real at 7160A?

       96 102.0403166667 70.1077652778 18490               0.460      1  0.0 18490  20.916    0.063   0.566   0.492   0.638  8.67  0.910   0.57  8.67    0.057    0.041 poss 4000A br

       98 101.9830416667 70.1270980556 21974               0.570      4  0.0 21974  19.808    0.037   0.507   0.483   0.531  1.17  1.000   0.50  1.00    0.143    0.024 [OII],H&K,Balmer evol

       99 102.0976791667 70.0183180556 5532                0.515      4  0.0 5532   19.621    0.032   0.521   0.486   0.546  5.33  1.000   0.53  5.33    1.299    0.108 H&K;Gb,Balmer;MgI;MgII

      100 102.1366291667 70.0032425000 3554                0.730      3  0.0 3554   20.107    0.033   0.725   0.697   0.750  5.17  1.000   0.73  5.17    0.563    0.095 strong H&K;Gb;is EL real@6540A?

      105 101.8265166667 70.2267838889 HLS42_LRISMODS      0.592      2 *0.4 37710  22.888    0.134   1.442   1.135   1.656  7.33  0.489   1.43  7.33    0.545    0.401 H&K, faint [OII]; gw says z=1.44

      107 101.9368666667 70.0817872222 15183               0.620      3  0.0 15183  20.744    0.032   0.703   0.679   2.624  7.83  0.565   2.56  5.83    2.572    0.697 EL@6040A; if Hb—>there is no Ha;<6563A; likely [OII], if so —> FeII!;
 
     108 101.9972625000 70.0007325000 3340                0.513      4  0.0 3340   19.870    0.032   0.514   0.479   0.547  6.00  0.999   0.52  6.00    0.809    0.079 [OII],Hb,[OIII] all in emission!  Balmer evol

      111 101.8101166667 70.2136155556 35646               0.590      4  0.0 35646  20.834    0.067   0.520   0.465   0.565  6.50  0.982   0.52  6.50    0.707    0.236 [OII],Hb,[OIII] in emission! Balmer evol

      112 101.8208583333 69.9574966667 387                 0.612      4  0.0 387    21.192    0.059   0.449   0.280   0.695  6.67  0.508   0.41  6.50    0.044    0.048 [OII],[OIII] ELs!  MgII!  H&K;Hd

      114 101.8007375000 70.0528336111 10315               0.465      1  0.0 10315  21.048    0.040   0.470   0.410   0.512  6.33  0.972   0.47  6.33    0.574    0.024 poss 4000A br

      115 101.7028625000 69.9736633333 1138                0.613      3  0.0 1138   20.395    0.041   0.610   0.561   0.659  6.33  0.993   0.61  6.33    0.609    0.224 [OII], MgII, FeII, Hd

      116 101.7791833333 70.0303725000 6570                0.510      2  0.0 6570   21.208    0.057   0.473   0.436   0.528  5.17  0.986   0.47  5.17    0.947    0.209 H&K,4000A br; Gb; MgII?

      118 101.7596750000 70.0550308333 10222                   -      0  0.0 10222  20.492    0.045   0.468   0.422   0.512  6.00  0.989   0.46  6.00    1.415    0.300 starlight, poss 4000A br

      120 101.7383833333 70.0479050000 9084                0.650      4  0.0 9084   21.046    0.056   0.689   0.647   0.725  7.17  0.998   0.69  7.17    0.250    0.142 [OII],H&K,MgII,MgI,FeII,poss [OIII], poss Hb

      121 101.7849041667 70.2142180556 36084               0.619      4  0.0 36084  20.173    0.043   0.536   0.494   0.580  6.83  0.996   0.53  6.83    1.011    0.242 [OII], H (K behind sky),Balmer evol; poss [OIII], MgII

      122 101.6874125000 70.0625458333 11764               0.572      4  0.0 11764  20.045    0.047   0.562   0.537   0.587  5.17  1.000   0.56  5.17    0.643    0.117 H&K, Gb,poss MgI, poss Hg

      123 101.7350583333 70.1568833333 26485               0.571      2  0.0 26485  20.190    0.037   0.552   0.499   0.597  7.33  0.989   0.55  7.33    0.426    0.147 [OII], poss 4000A br

      125 101.6025416667 70.0299605556 6741                0.406      4  0.0 6741   20.118    0.042   0.447   0.068   0.487  7.00  0.584   0.04  5.00    1.116    0.375 [OII], K(H behind sky),Balmer evol, poss [OIII],
 
     126 101.6200541667 69.9748230556 1164                0.0       -1  0.0 1164   20.947    0.089   0.729   0.669   0.803  5.67  0.957   0.76  5.50    0.669    0.150 star: NaD

      127 101.5748833333 69.9861069444 1861                0.729      3  0.0 1861   21.259    0.058   0.684   0.615   0.726  5.50  0.973   0.65  5.33    0.700    0.293 <6563A; if [OIII]—>should be 2nd line; no Ly-series break if Lya; poss [OIII]; if [OII]->poss [OIII]!

      128 101.6129625000 69.9938508333 2499                0.0       -1  0.0 2499   19.919    0.069   0.695   0.649   0.760  5.50  0.980   0.69  5.50    2.048    0.329 strong stellar abs, poss TiO EL

      133 101.4371958333 70.0844727778 15158               0.472      3  0.0 15158  20.910    0.050   0.635   0.583   0.680  6.33  0.992   0.63  6.33    0.278    0.084 H&K; 4000A br

      134 101.5017708333 70.0596694444 10982                   -      0  0.0 10982  21.111    0.054   0.604   0.557   0.650  6.33  0.995   0.61  6.33    0.218    0.092 starlight

      135 101.2431541667 69.9963225000 2803                    -      0  0.0 2803   20.927    0.062   0.665   0.580   0.701  7.00  0.954   0.67  7.00    0.213    0.123 starlight

      136 101.6268333333 70.1502608333 25141               0.000     -1  0.0 25141  18.520    0.051   0.664   0.151   0.693  6.50  0.697   0.67  6.50    3.856    0.654 beautiful bright star useful for fluxing?  roughly G-type

      137 101.4333208333 70.0721741667 14034               0.475      4  0.0 14034  18.892    0.024   0.503   0.477   0.528  5.50  1.000   0.50  5.50    0.583    0.053 [OII],H&K, Balmer evol, MgI

      140 101.4004958333 70.0380858333 8029                0.728      4  0.0 8029   20.430    0.044   0.739   0.702   0.764  5.17  0.999   0.74  5.17    0.625    0.106 H&K,poss Gb; 4000A br

      141 101.2211833333 70.1052400000 18566                   -      0  0.0 18566  21.020    0.048   0.542   0.434   0.592  6.33  0.830   0.55  6.33    1.383    0.095 starlight

      142 101.3307750000 70.0496138889 9538                    -      0  0.0 9538   21.223    0.062   0.721   0.677   0.749  5.17  0.998   0.72  5.17    0.535    0.231 starlight; noisy

      143 101.1859041667 70.0839613889 14805               0.727      2  0.0 14805  21.297    0.083   0.717   0.606   0.775  4.50  0.861   0.73  4.33    0.050    0.042 4000A br?; H&K? Hd?

      144 101.4543250000 70.1024400000 17509               0.52       1  0.0 17509  21.074    0.058   0.520   0.440   0.562  6.17  0.922   0.52  6.17    0.130    0.022 poss 4000A br

      145 101.6116458333 70.1915055556 33160                   -      0  0.0 33160  20.053    0.029   0.609   0.582   0.663  5.50  0.987   0.61  5.50    1.745    0.085 not good data redux;noisy

      146 101.3973291667 70.0903930556 16551                   -      0  0.0 16551  20.001    0.030   0.670   0.630   0.699  6.83  1.000   0.67  6.83    0.952    0.173 noisy, poor bg subtr.

      147 101.7955875000 70.2321397222 39163               0.586      4  0.0 39163  20.154    0.042   0.556   0.533   0.579  1.00  1.000   0.56  1.00    7.725    0.304 H&K; Hd, Gb, 4000A br

      148 101.1634416667 70.0175705556 5093                0.566      4  0.0 5093   20.863    0.057   0.622   0.518   0.668  6.67  0.859   0.64  6.67    0.846    0.445 H&K; [OII]]; Hz; poss MgI (in the red)

      149 101.5257583333 70.1364594444 23702               0.0       -1  0.0 23702  17.691    0.037   0.526   0.324   0.555  5.83  0.532   0.54  5.83    6.703    0.341 Beautiful bright star; Gdw?

      152 101.2221250000 70.1197738889 20309               0.56       2  0.0 20309  20.941    0.052   0.516   0.409   0.549  5.83  0.756   0.52  5.83    0.952    0.068 poss 4000A br; poss H&K; poor redux in red

      154 101.4368375000 70.1660461111 27700               0.555      2  0.0 27700  20.987    0.052   0.555   0.507   0.603  6.17  0.988   0.56  6.17    0.332    0.077 poss 4000A br; poss Balmer abs; poor redux in 

      155 101.5501083333 70.2155302778 36263               0.735      4  0.0 36263  20.722    0.045   0.704   0.670   0.733  6.33  1.000   0.70  6.33    0.167    0.053 [OII],CaK,Balmer abs; poss [OIII]; poss HB EL; oss MgI&MgII; poss FeII

      156 101.0409375000 70.1015930556 17677               0.621      4  0.0 17677  20.591    0.052   0.649   0.579   0.688  6.83  0.970   0.64  6.83    0.318    0.124 [OII], H&K, Hd

      157 101.0201833333 70.1324769444 22479               0.476      4  0.0 22479  20.901    0.054   0.461   0.413   0.554  7.33  0.891   0.46  7.33    0.168    0.129 [OII],Hb EL, [OIII] EL, H&K, Balmer evol, MgI/MgII

      158 101.1506958333 70.1338425000 22671               0.649      4  0.0 22671  20.861    0.062   0.521   0.478   0.563  5.50  0.995   0.52  5.50    1.551    0.476 wk [OII];H&K; Balmer abs; 4000A br

      160 101.1995333333 70.1530838889 25851               0.552      2  0.0 25851  20.509    0.040   0.516   0.439   0.552  6.00  0.927   0.52  6.00    1.273    0.118 poss 4000A br; poss H&K

      162 101.1793125000 70.1713333333 29036               0.475      4  0.0 29036  20.778    0.045   0.483   0.439   0.554  7.83  0.950   0.48  7.83    0.112    0.006 [OII], poss Hb and [OIII] ELs; MgI/MgII

      163 101.1125791667 70.2024536111 34532               0.717      4  0.0 34532  20.924    0.038   0.716   0.688   0.750  8.83  1.000   0.71  8.83    1.445    0.352 [OII],[OIII],Hb,Hg,Hd ELs;

      164 101.2549208333 70.1847838889 31284               0.532      2  0.0 31284  21.067    0.046   0.634   0.587   0.685  6.00  0.994   0.64  6.00    1.724    0.511 poss 4000A br

      167 101.6874208333 70.2306825000 38837               0.595      4  0.0 38837  19.775    0.045   0.524   0.466   0.551  4.67  0.982   0.51  2.67    0.627    0.074 4000A br; Balmer abs;Gb;[OIII]ELs;

      168 101.3853750000 70.2029725000 34054               0.51       2  0.0 34054  21.303    0.061   0.522   0.458   0.554  4.67  0.970   0.50  2.50    0.875    0.165 poss abs/em features; poss 4000A br

      172 101.5454500000 70.2332686111 39675               0.595      4  0.0 39675  19.618    0.038   0.595   0.558   0.631  5.17  0.999   0.59  5.17    3.015    0.065 strong 4000A br; H&K;[OII],G-b
 
      173 101.2828458333 70.2882613889 48702               0.493      2  0.0 48702  20.371    0.041   0.537   0.478   0.564  5.33  0.980   0.54  5.33    2.130    0.391 mystery EL@6710A; poss Balmer abs and 4000A br

      174 101.1913291667 70.2408066667 40568               0.452      4  0.0 40568  19.903    0.042   0.452   0.043   0.494  8.00  0.849   0.03  6.17    0.264    0.083 best Balmer evol; [OII],[OIII];H&K, poss MgII/MgI

      175 101.3918625000 70.2746352778 46376               0.599      2  0.0 46376  20.176    0.044   0.575   0.549   0.600  1.00  1.000   0.57  1.00    6.081    0.206 starlight; poss abs lines

      176 101.0584166667 70.2483366667 42041               0.528      4  0.0 42041  20.507    0.042   0.632   0.519   0.666  7.83  0.792   0.63  7.83    0.919    0.153 [OII],[OIII]; nice Balmer evol; poss MgII/MgI,H&K,G-b

      177 101.2180583333 70.2746430556 46824               0.593      4  0.0 46824  19.984    0.034   0.644   0.601   0.677  6.33  0.999   0.65  6.33    0.977    0.140 [OII], poss [OIII], poss MgII/MgI,H&K, G-b, MgI

      178 101.7615875000 70.2391966667 HLS6_LRISMODS           -      -  *0.8 39575  25.084    0.523   3.377   0.251   3.667  9.17  0.435   3.22  5.83    0.037    0.458
 
      179 101.3125000000 70.2621841667 43802                   -      -   0.0 43802  21.267    0.108   0.729   0.642   0.753  5.17  0.943   0.73  5.17    0.185    0.185

      180 101.0774500000 70.2613677778 43932                   -      -   0.0 43932  20.700    0.053   0.442   0.216   0.515  6.67  0.814   0.45  6.67    1.389    0.438

      181 101.9161541667 70.2416533333 153_0061_1494      -0.002     -1  0.1 40385  19.854    0.057   0.544   0.426   0.589  6.83  0.658   0.55  6.83    1.059    0.158

      183 101.1372750000 70.3365936111 56491               0.595      2  0.0 56491  20.980    0.070   0.639   0.585   0.704  6.50  0.969   0.64  6.50    0.228    0.237

      184 101.1338583333 70.3013383333 50872                   -      -   0.0 50872  20.435    0.043   0.474   0.410   0.522  5.83  0.968   0.47  5.83    0.469    0.108

      185 101.6571166667 70.2658538889 44688               0.661      3  0.0 44688  20.242    0.042   0.592   0.556   0.618  3.67  1.000   0.60  4.17    0.439    0.110

      187 101.3013750000 70.3033066667 52286                   -     -1  0.0 52286  17.313    0.038   0.591   0.549   0.634  5.67  0.996   0.59  5.67    6.949    0.330

      190 101.6696750000 70.2564925000 42932               0.760      3  0.0 42932  20.665    0.051   0.722   0.693   0.747  5.17  1.000   0.72  5.17    2.366    0.301

      191 101.2413750000 70.4138183333 74249                   -      -   0.0 74249  20.733    0.054   0.675   0.609   0.713  6.17  0.978   0.68  6.17    0.905    0.156

      193 101.4992083333 70.3341902778 56026               0.516      3  0.0 56026  20.074    0.045   0.547   0.517   0.571  5.17  0.999   0.55  5.17    2.268    0.212

      194 101.5788583333 70.3053361111 51743                   -      -  0.0 51743  19.564    0.030   0.548   0.521   0.573  5.50  1.000   0.55  5.50    5.053    0.163

      196 101.4028583333 70.3485336111 59049                   -      -   0.0 59049  20.704    0.030   0.686   0.658   0.710  8.00  1.000   0.69  8.00    1.084    0.173

      202 101.4212458333 70.3674088889 61783                   -      -   0.0 61783  21.203    0.059   0.539   0.451   0.570  5.50  0.935   0.54  5.50    0.604    0.124

      203 101.3262541667 70.4624022222 83119               0.634      4  0.0 83119  20.677    0.055   0.655   0.583   0.699  6.17  0.964   0.66  6.17    0.810    0.139

      204 101.3085291667 70.4082108333 74839                   -      -   0.0 74839  20.916    0.051   0.522   0.448   0.564  6.17  0.945   0.52  6.17    0.249    0.081

      205 101.4668166667 70.3969269444 66766               0.500      4  0.0 66766  20.619    0.041   0.462   0.417   0.524  6.17  0.961   0.46  6.17    0.370    0.063

      207 101.2778500000 70.4564741667 69931                   -      -   0.0 69931  20.757    0.059   0.622   0.571   0.676  6.00  0.989   0.62  6.00    0.098    0.036

      208 101.6221208333 70.3099900000 52561                   -      -   0.0 52561  20.881    0.043   0.664   0.620   0.692  8.00  0.995   0.67  8.00    0.341    0.064

      213 101.5645250000 70.4889908333 78781                   -      -   0.0 78781  20.663    0.037   0.575   0.539   0.618  5.83  0.996   0.58  5.83    3.839    0.224

      214 101.5197291667 70.4164505556 73291               0.504      3  0.0 73291  19.850    0.042   0.502   0.451   0.540  2.50  0.992   0.49  2.17    0.248    0.043

      215 101.7072333333 70.3505477778 58837               0.667      3  0.0 58837  20.685    0.054   0.692   0.609   0.717  5.17  0.949   0.69  5.17    0.995    0.050

      216 101.5028083333 70.4421386111 69196                   -      -   0.0 69196  20.542    0.051   0.460   0.379   0.497  3.50  0.932   0.47  3.83    0.107    0.051

      219 101.6922125000 70.3392791667 57430                   -      -   0.0 57430  19.752    0.030   0.521   0.471   0.543  5.17  0.991   0.52  5.17    0.733    0.067

      220 101.6166250000 70.3808669444 63858                   -      -   0.0 63858  21.023    0.107   0.722   0.663   0.838  5.33  0.747   0.72  5.33    0.683    0.491

      223 101.8143000000 70.2708283333 45140                   -      -   0.0 45140  20.980    0.067   0.526   0.500   0.553  1.00  1.000   0.52  1.00    1.508    0.119

      224 101.5891875000 70.4841919444 79521               0.566      3  0.0 79521  19.412    0.032   0.587   0.563   0.612  5.17  1.000   0.58  5.17    0.910    0.038

      225 101.6994958333 70.4841080556 79619                   -      -   0.0 79619  21.050    0.053   0.449   0.379   0.501  6.50  0.937   0.45  6.50    0.484    0.097

      227 101.7971125000 70.2688447222 HLS13_LRIS              -      -   0.2 44633  24.297    0.200   1.637   0.816   2.340  8.00  0.248   1.64  7.83    0.109    0.177

      228 101.5948666667 70.5457536111 75386                   -      -   0.0 75386  21.245    0.056   0.704   0.664   0.739  7.83  0.996   0.70  7.83    1.190    0.547

      229 101.7284333333 70.3573683333 59956               0.678      4  0.0 59956  20.275    0.050   0.682   0.649   0.712  8.67  1.000   0.68  8.67    0.052    0.019

      231 102.0012750000 70.5488358333 75093               0.425      4  0.0 75093  20.910    0.053   0.576   0.318   0.670  6.17  0.723   3.32  5.33    3.970    0.560

      232 101.8463875000 70.3881911111 65292               0.587      4  0.0 65292  20.245    0.045   0.631   0.545   0.669  8.00  0.921   0.63  8.00    0.617    0.167

      233 101.9804541667 70.5561827778 74836                   -      -   0.0 74836  20.196    0.048   0.601   0.552   0.651  6.00  0.990   0.59  6.00    0.598    0.057

      235 101.8818125000 70.3893433333 65166                   -      -   0.0 65166  21.240    0.062   0.659   0.599   0.702  5.83  0.988   0.66  5.83    0.030    0.004

      236 101.8617875000 70.5109786111 77191               0.513      4  0.0 77191  20.532    0.062   0.527   0.479   0.559  5.33  0.988   0.53  5.33    0.896    0.164

      237 101.9276125000 70.5279311111 76515                  -        -  0.0 76515  20.988    0.061   0.541   0.439   0.596  6.50  0.839   0.55  6.50    0.509    0.066

      238 101.8932000000 70.4751816667 80494                  -        -   0.0 80494  21.197    0.067   0.619   0.557   0.666  3.33  0.981   0.61  3.00    0.078    0.018

      241 102.0578958333 70.4427186111 70406                  -        -   0.0 70406  20.537    0.039   0.585   0.545   0.638  6.50  0.992   0.58  6.50    0.535    0.045

      242 101.8866333333 70.3095702778 HLS28               0.079      4 *0.3 58241  15.906    0.009   0.064   0.043   0.083  6.50  1.000   0.06  6.50    0.169    0.005

      243 102.1573958333 70.5298233333 77452               0.592      2  0.0 77452  20.627    0.045   0.580   0.552   0.608  5.17  1.000   0.58  5.17    0.069    0.009

      244 101.9717875000 70.4126358333 75105                  -  -          0.0 75105  21.017    0.055   0.575   0.510   0.627  6.67  0.963   0.57  6.67    0.569    0.094

      247 102.1320333333 70.5349502778 75776                 -   -         0.0 75776  20.386    0.047   0.683   0.603   0.712  5.17  0.928   0.69  5.17    0.481    0.006

      248 102.0655250000 70.5203247222 76892                 -   -         0.0 76892  20.461    0.045   0.601   0.560   0.648  6.00  0.996   0.60  6.00    0.538    0.158

      250 101.8846041667 70.2760466667 46611                 -   -         0.0 46611  21.029    0.042   0.501   0.453   0.537  6.67  0.994   0.48  6.67    2.408    0.664

      251 101.9433333333 70.2703019444 82_0243_1591        0.923      2  0.1 44873  23.069    0.239   0.707   0.361   0.894  5.50  0.564   0.74  5.33    0.088    0.032

      254 102.2316375000 70.4855041667 77313                 - -            0.0 77313  20.874    0.072   0.668   0.600   0.701  6.33  0.974   0.67  6.33    1.321    0.266

      255 101.8957958333 70.2608488889 HLS52_LUCIMODS      0.790      2  0.1 43541  21.511    0.059   0.730   0.694   0.765  7.00  0.992   0.73  7.00    1.099    0.168

      256 102.2951666667 70.5076675000 77662                   - -          0.0 77662  21.292    0.077   0.576   0.535   0.618  5.17  0.995   0.57  5.17    0.405    0.017

      257 101.9584833333 70.2986297222 HLS22                    - -         0.1 49762  24.052    0.270   1.080   0.420   3.653  5.33  0.206   1.84  5.17    0.723    0.520

      258 102.2992166667 70.4971772222 79277               0.430      3  0.0 79277  20.332    0.040   0.501   0.408   0.523  5.33  0.778   0.45  5.17    0.732    0.047

      259 101.9454875000 70.3131486111 HLS26

      260 102.3370250000 70.4963988889 78378                  - -          0.0 78378  20.321    0.045   0.527   0.466   0.574  6.67  0.973   0.53  6.67    0.184    0.068

      265 102.5934916667 70.4487458333 68409                   - -         0.0 68409  20.514    0.041   0.713   0.684   0.739  5.33  1.000   0.71  5.33    2.958    0.592

      266 102.4424250000 70.4555588889 70117                   - -         0.0 70117  20.591    0.041   0.629   0.591   0.679  5.67  0.997   0.63  5.67    1.418    0.215

      267 102.5493541667 70.4511033333 70920               0.515      4  0.0 70920  20.735    0.044   0.520   0.475   0.566  8.33  0.991   0.52  8.33    0.257    0.060

      268 102.3192916667 70.4010850000 67321               0.514      4  0.0 67321  20.924    0.049   0.513   0.452   0.558  6.67  0.971   0.52  6.67    0.500    0.193

      270 102.1391583333 70.3351058333 HLS33                   - -         0.2 55812  24.583    0.252   0.744   0.491   2.749  8.50  0.302   0.73  8.50    0.134    0.218

      273 101.0861083333 70.2260666667 38493               0.527      3  0.0 38493  20.075    0.045   0.524   0.475   0.552  5.17  0.989   0.53  5.17    0.200    0.107

      274 101.1259833333 70.0932158333 16463                 - -           0.0 16463  20.579    0.041   0.689   0.633   0.718  5.50  0.991   0.69  5.50    2.319    0.057

      275 101.1926375000 70.2209550000 37360               1.185      2  0.0 37360  20.293    0.059   0.740   0.500   2.487  9.67  0.517   0.74  9.67    1.957    0.883

      277 101.0079500000 70.2114791667 35568                  - -          0.0 35568  20.630    0.059   0.592   0.553   0.649  5.50  0.986   0.58  5.50    1.656    0.087

      278 101.0422166667 70.0787047222 14041                   - -         0.0 14041  20.895    0.056   0.636   0.570   0.677  7.17  0.975   0.64  7.17    0.221    0.198

      279 101.1780958333 70.2096633333 35552                  - -          0.0 35552  20.300    0.037   0.612   0.558   0.656  7.00  0.991   0.61  7.00    0.342    0.100

      284 101.0539125000 70.3659516667 61922               0.648      3  0.0 61922  20.291    0.040   0.603   0.575   0.707  1.50  0.785   0.59  1.33    0.912    0.099

      285 101.4345416667 70.4469908333 69370                 - -           0.0 69370  21.158    0.052   0.573   0.507   0.626  7.33  0.961   0.58  7.33    0.124    0.050

      286 101.2422458333 70.3486175000 59016               0.714      3  0.0 59016  20.261    0.037   0.722   0.695   0.746  5.67  1.000   0.72  5.67    0.811    0.159

      287 101.4608708333 70.4257888889 71330                  - -          0.0 71330  19.519    0.024   0.503   0.469   0.552  7.67  0.994   0.50  7.67    1.123    0.223

      288 101.1360750000 70.3739472222 63169               0.538      4  0.0 63169  21.029    0.055   0.590   0.510   0.655  7.83  0.926   0.61  7.83    0.254    0.037

      290 101.0896416667 70.3877944444 65240               0.595      4  0.0 65240  21.151    0.067   0.695   0.637   0.728  6.83  0.988   0.70  6.83    0.285    0.171

      293 102.1043500000 70.4172591667 73353               0.585      4  0.0 73353  19.914    0.040   0.549   0.510   0.578  5.67  1.000   0.56  5.50    4.072    0.776

      294 101.7477125000 70.5261155556 77208                  - -          0.0 77208  20.857    0.101   0.653   0.597   0.728  6.83  0.953   0.65  6.83    5.272    1.621

      295 101.9577291667 70.3346480556 56889               0.501      3  0.0 56889  19.595    0.032   0.521   0.488   0.544  5.17  0.999   0.52  5.17    0.549    0.095

      296 101.7964750000 70.4522552778 68640               0.620      2  0.0 68640  20.343    0.045   0.615   0.567   0.660  6.17  0.994   0.62  6.17    0.746    0.111

      297 102.0314291667 70.4036025000 67986                - -            0.0 67986  20.235    0.033   0.585   0.546   0.622  2.83  1.000   0.58  2.67    0.628    0.042

      299 102.1522541667 70.4997483333 78386                 - -           0.0 78386  20.778    0.052   0.568   0.537   0.599  5.17  1.000   0.57  5.17    0.756    0.056

      300 101.8318041667 70.2815552778 HLS15_LRIS
